2043:
1417435
2312054
462685
1428041
2109681
1961694
1738784
618234
1341301
214520
814483
1537068
2488713
1265920
407115
883815
619048
92970
741709
1264405
379062
2057141
1005883
2344089
2382998
520840
1985920
2505518
575320
1290406
2255034
2329552
666998
842846
2339102
1637821
203385
920816
1698418
1071161
304180
510519
1451140
2247335
1789629
2403811
848094
2343371
1001035
378352
1497891
2522429
2141954
1969939
1829281
1695701
1831368
2512721
352062
2260267
2428018
918460
535751
1493986
1518577
22537
990957
1234485
533807
455810
2280067
714070
1013320
1005911
242327
1220353
408352
479755
2646342
2623729
738899
32229
105224
65883
1382816
1411665
2118282
1971635
1258781
2250944
762349
2044:
50952
508097
596995
1467791
558551
2192303
1094367
1:
30878
2647871
1283744
2488120
317050
1904905
1989766
14756
1027056
1149588
1394012
1406595
2529547
1682104
2625019
2603381
1774623
470861
712610
1772839
1059319
2380848
548064
10:
1952305
1531863
1000:
2326571
977808
1010534
1861759
79755
98259
1960212
97460
2623506
2409123
1959111
809597
2251189
537705
929584
506737
708895
1900790
2553920
1196779
2411446
1002296
1580442
100291
433455
2368043
906984
10000:
200206
523108
10001:
262828
2609496
1474804
831991
267142
2305771
220050
1959883
27822
2570808
90355
2417258
264764
143866
766895
714089
2350428
10002:
1450941
1213181
308502
2581993
10003:
1515111
10004:
1737087
1270334
1262711
1903515
2140798
2479158
2161335
2099522
1291600
2198877
2214717
1936582
84804
1257912
1263375
735147
1186407
350806
1141242
638738
590598
1704823
2238464
273497
2499539
2543444
119309
2540335
129495
956464
1648424
10005:
254775
1892654
469365
793736
926698
10006:
1093333
1982605
1534853
1632583
10007:
1204847
2160216
248206
835054
1064667
2419805
2084848
671106
2087887
1340891
1917538
2018945
2520477
10008:
1813636
2048630
930946
1492860
1687570
1122917
1885441
10009:
1927533
1789102
2263612
964421
701514
2120902
1001:
1050889
67976
1025642
624334
239718
549109
143504
584301
437680
2434971
400819
1841130
1926199
805709
545109
662875
74408
529725
1786012
2382523
1358422
780049
1894639
1014799
2176030
286045
1381947
386254
224172
404085
2005305
1956315
2580275
2110738
1525405
2187027
1995906
2133433
2097983
884805
2083077
1642134
2550380
2559056
1080407
1455000
498315
2464251
1149181
2117376
1368543
1216717
1727516
1771413
2326782
2423679
1198786
1042938
2640911
328713
2591056
256030
1363889
2615076
52736
1359594
1385396
2414993
1274754
715115
795536
1991455
1107351
1451770
1433190
1769644
875020
2456714
906813
837457
672807
1863197
2585014
666419
1849372
1308814
2344636
755775
768710
2334860
468090
1996056
1603215
274970
1060880
721144
1381762
1589154
2033841
1372601
2339869
41031
655047
916708
1924771
1686092
1552908
329102
1181907
1762077
1583835
773994
25452
321005
1369500
2429351
396491
1745676
2204817
2624938
491487
1298591
77828
1047191
2642897
2494183
1337506
1802655
126058
940778
1988427
1720476
1947287
31062
10010:
1462925
52050
650466
1813166
2224061
815731
154626
531384
696688
1088633
639327
59938
1856669
2034703
1060588
2475682
1075860
1633365
681503
186927
2374977
2113696
1677862
10011:
1624701
2646826
10012:
2445069
1483604
418164
2491070
1485175
1043648
1913770
2560523
2416960
161063
56741
2301550
1275794
10013:
2503691
1222878
843201
2271154
1346139
124014
1501028
2201453
225422
222553
1521657
295833
10616
512945
844777
973206
2246803
395087
2360499
1153049
1846387
1454544
1018789
914602
1321443
1150421
2045002
1379641
178089
291407
2229322
2177405
105997
2346736
1729494
472225
1233535
1529676
1414279
461311
1715286
1714052
649457
451510
494014
1544885
110412
1894679
1006623
467438
776931
952735
221590
348279
1911099
1923760
397753
10014:
1626179
1359761
430376
723484
839609
10015:
975179
829739
1732761
2162539
933118
467156
164480
613439
1312973
1769664
2477285
484575
2602717
1320821
1236649
705793
1395812
2056853
770517
1514136
988835
1172474
1213571
1801332
1623337
588400
2378764
2405069
10016:
1751359
234929
1759349
1604433
1003759
10017:
2280428
1129341
1377724
10018:
305767
2316945
2173031
676747
354053
2119257
2282361
1670793
1960248
73918
1516345
1236649
1403470
913554
647979
404170
2487526
502190
801510
2126132
1652905
828150
1634975
324441
1569186
905901
1435115
1140656
423065
178629
10019:
22036
1126085
487154
261890
204512
2350988
943653
1725053
1967016
2042897
513351
467597
475394
610785
1191387
2597191
289045
1466477
1970876
1259566
2049251
2535358
1041111
67095
1989902
1796655
1772740
2356037
884657
1367415
1394476
1137339
658929
518974
1568346
371346
1207852
719156
1151159
1882122
1340177
306688
2455675
1750548
2145783
1191324
389917
505579
814902
245527
1462807
459444
1591721
1214125
398395
2093048
1933736
1274113
1994982
258371
378543
1703266
2250647
2085688
2391227
2380848
1116868
2157768
1306541
1002:
2174660
1685301
2030264
1419286
2520929
2035568
1288929
1680156
1858104
988266
2633719
156594
1384253
1417842
10020:
922636
1967058
1949297
1562927
2138373
431122
1077653
167248
776126
722639
2341725
1252652
251807
1751559
2398282
705246
47787
1064752
2308022
2414321
945481
1854443
2035232
951643
2381070
1011906
908968
10021:
2366406
1033592
249998
1205724
10022:
510391
268014
2511719
661571
1824779
2178013
2104013
1829777
10023:
1429287
1321374
2563028
679315
1363076
982889
2107604
2286495
1756370
2317624
2548120
10024:
2059382
1210053
1654205
2027932
311377
2161379
1611053
516686
2529292
2248946
10025:
1791064
10027:
401511
2354884
1951605
1609548
2620148
37748
2414149
748800
1050405
408479
2361485
97178
329172
307876
812384
1619494
978638
825069
2472069
1837559
1549473
163607
932638
2106623
2611092
2602187
2310492
916375
1591556
2389108
1422109
764479
1945345
2308597
2092389
2505218
1973874
174668
672519
2568396
2015359
2228062
202876
2163080
2422758
536155
1179516
1503954
1967313
2577872
2327767
1169517
2269919
1608374
425537
1658682
669364
2057570
564258
1744450
527270
1656050
2420503
767061
1200899
712624
1955071
347886
1229916
1825013
402519
523629
58130
1155332
685923
2605052
865625
919670
1606382
1637481
644233
2011133
2055639
1766599
2032781
2609268
1561126
572440
10028:
1986255
1312610
1527666
1606775
1649392
1522640
440956
10029:
2293890
1141552
1823836
2551226
10031:
548690
2518265
1575474
2203195
1578801
2614194
1224756
2157060
1528644
10032:
2329101
569745
640080
177766
1949239
624145
709091
2104131
688765
1390809
336400
1268066
470044
1791554
1920755
2317575
2488926
1212320
996425
123345
799400
824189
650940
1573281
910244
1547411
2222535
2458016
83110
1274574
1587304
2214218
677039
1903221
1879733
662218
1563172
1724551
775034
884907
2174325
739713
1169824
61009
319516
750365
1819621
10033:
1989027
1227591
1810636
1335621
1001590
1207661
1401075
2403799
791223
639727
1957988
1762834
1381789
334033
10034:
2107088
69088
10035:
1651047
811486
2112205
2070135
2148631
2212430
822400
49255
801884
1303306
2268521
929407
2172403
282064
1985000
88318
1408280
2440091
1813810
1727192
10036:
2105693
842613
2557615
2125051
397569
2636037
2063030
2159553
1531624
437680
2091752
10071
472432
215393
1324372
2619107
1904442
646572
1970420
2461533
1880905
2030429
1845130
1521902
2161
2134637
417734
1010725
1261548
2316498
2494106
1082992
2541752
1317259
42211
2214676
1554836
234405
41897
2536262
2240178
1097048
2124584
671935
1677871
1223288
2192915
2068878
426137
696122
455707
1714077
333914
707412
9450
1390002
970271
1873549
2494920
32361
556369
504989
1030812
2350832
2401396
2207277
2035729
2646867
1154500
1132428
558523
8580
22964
1595703
1995943
2023361
2437646
2303816
336016
2224280
2438187
2465683
845006
1934299
2021702
725549
2031681
1441351
259822
812240
1723408
1994101
1184088
511569
2008955
576406
1371204
33130
1125370
706530
1511155
1787860
8129
2026150
1190492
1581139
1522922
2598077
1647159
2354598
997168
1008576
2046106
1466613
109154
2257846
2525634
1391499
2535303
1394196
1699044
857146
195153
52147
2398282
1715538
1981250
1585765
87273
1281611
1549677
355111
383108
180775
730570
1961276
1850833
228544
2344026
1841778
1372729
1801097
1197941
2006300
1227437
1438082
1109446
1956794
1791704
1914110
992576
264916
578055
782690
2383290
1544559
2179884
173760
747219
1782055
2646027
1984941
440949
924842
755689
1211291
2574257
2345522
220702
730768
2469669
1409483
713561
1994152
734075
1815129
1396608
1742906
1573284
2570733
171163
2090999
1636781
275039
2332819
174415
730375
218046
915942
875205
2418467
1384878
586402
2460085
1493212
54040
1445403
2067671
2186035
25266
260961
1451269
2213786
130601
1643234
1010065
1752442
123767
2063882
2178343
1722278
1449174
387679
76156
442546
10037:
253214
612895
769764
396150
2555464
1988133
560277
1839686
2569369
1845071
1627613
948108
1316833
911710
10038:
885147
1144499
1411630
1069925
836219
1417121
461985
1148007
10039:
102104
1004:
910485
1970126
1557423
2148643
1520624
1231161
1590435
1913414
1535671
2412109
1096854
1233953
225310
184574
2598077
1835453
1116907
1418549
118064
1000266
233338
348207
849925
350505
2563972
158703
1501401
721577
1809784
1891207
288998
10040:
2417853
1207062
2487973
10041:
869522
61343
1325876
1786012
2387403
1595112
505035
181533
786031
1695980
60322
1837857
1690337
1102436
47942
1772519
1383323
2087310
299599
2472289
2493763
1634482
506757
2448355
2626214
1099321
482812
1312680
1011503
1674011
803169
10042:
86062
449288
1200637
826793
358207
2478232
1652074
738504
2349053
1359901
1936779
501007
640618
2075263
618643
1852416
2588589
1561
433300
1824896
927805
1302047
799952
1628424
42498
442949
214174
592214
821426
1928744
1583895
2222492
2289165
1693660
1177074
1857643
780937
763194
18335
1207292
864349
1848920
1663166
1073838
1729740
2184817
435239
1586124
367549
1504619
2121851
1311522
1158233
1786012
1813345
1725691
235364
2011360
1219488
1304553
1081209
355734
1207654
1554383
1552853
918917
1361045
1349810
1678227
2147040
2000309
1993790
1117935
157714
1648860
1236919
1785115
1667218
1983122
2113817
1019547
826291
392760
277127
224519
2178014
1756743
966437
2426972
2410757
72630
415554
1421967
1330313
1588401
1101658
559674
2635311
1303129
2429347
825911
2365447
664298
1077278
1849693
1856770
1195825
1244852
1489868
1294368
977299
2582290
1681172
428062
602626
2603832
7766
2427774
1605305
392602
1408842
1546331
571530
658627
1411717
2060760
997695
1772203
136341
1255980
1406374
1244512
664419
1285139
1124097
183462
2158577
39518
123923
1115357
1950649
1055743
759913
2176148
1900271
2561288
1648015
1878820
2490806
2450398
340411
1829200
2420556
135158
2602447
510657
2568440
860456
2409399
2482520
1555238
2338393
2034961
2421856
2483895
1738659
1016514
648196
1464896
3521
1427855
2162416
480507
605806
1582589
2260949
126913
1462261
1501345
1818803
2531096
2162935
1249250
1165360
706887
1213808
1931370
2571652
936928
2465115
1293776
2063559
1594234
1521559
1302357
1929636
1570293
1236841
1645365
278603
1575191
1553813
793065
52189
365149
1287583
972752
2523359
1625264
1055810
1053673
2588945
317437
1819410
1933557
1624788
780973
1823605
2522864
582720
109760
2166670
2136527
2498038
1343496
208264
2228961
1743516
569551
2198877
2244219
1135675
1808448
1036933
1648727
1493909
763919
1377376
113283
2103203
350940
55480
573087
1863195
1268644
1818373
639330
2444942
1959768
402940
276644
2566670
1595082
618895
847600
1737562
2306124
2172898
2132469
2338966
312508
671859
2270326
1039740
411152
2249254
1492074
1023326
664256
2171578
1995060
1028345
578830
1082955
116977
1097029
1543693
2623937
931718
2524430
1116457
1838796
1661807
2166373
1519036
973661
551679
1039680
827712
417124
2346483
42318
1712565
1867253
818856
159934
1619493
2344760
1368605
355145
1598894
1486764
2304981
292258
1420468
2573652
2162543
429190
1818401
138064
1507820
1384977
1882731
823838
96722
2174770
533720
1248655
245303
1392109
2224280
2206144
2191211
1857745
2036644
1093116
348805
1252628
295633
222099
1585818
1846238
1891654
1371746
2126325
1874942
2088365
473956
2352245
1084427
2621148
118538
1756093
2090086
1538823
2639268
2287172
1683784
1529511
1149851
1381957
1316391
2176281
1968900
22601
2448196
1442411
1926334
1298111
2575043
294682
2082092
710030
1070065
2075183
2644901
312211
2340041
2426516
2049285
786420
2354891
1582028
2391518
1691088
1842969
1992363
739018
1700387
2138553
2562504
896747
1965448
2414774
774877
1862369
256499
1526753
1322407
493407
181582
1349128
66894
1915074
10044
2246937
372787
1095830
997960
1913378
1166011
2458049
1441831
2164887
2621082
1382836
162753
800145
508727
1937981
222333
1624040
1310028
745039
2166473
1111762
1006456
2378211
1663338
2428228
1860465
637958
1443724
2519453
435157
1597816
2266623
732802
2207228
2320873
914857
822956
1869720
19534
601966
2016115
2056799
954656
2484300
1221673
1154815
1233495
2174615
1152899
1329179
994894
1746493
1504708
2610750
1387120
2506300
2126942
427637
1531823
2609002
1941232
1860386
1693021
1227734
2583938
1647980
1593278
2198713
1665375
350839
1605801
1019149
1576336
2373735
1739377
425953
1202106
133101
2328661
906985
624733
83805
2073663
2082786
2380160
1005584
319250
779887
1034379
1435637
460540
1145793
1457053
2517184
1783909
764659
177646
2109572
1460379
1822764
1126179
102451
306130
2481821
1650395
1595895
200147
989696
308798
2478700
874887
1057675
51049
1490653
1219200
2384176
580058
2465985
1894354
346750
1770017
748664
2608024
1838411
1472853
2436848
2310036
792857
555123
409621
389183
1747641
2508315
1825107
2386027
2319476
1229941
1929359
1889550
1270747
836219
587070
886780
632633
1991078
1121007
8169
389419
839344
2014151
1212380
1937443
1557284
1697504
537147
135015
575716
1825204
1113423
235666
622634
1964770
292526
745471
2329488
1210584
2328842
2089117
403322
1496394
2402345
896521
1882574
115631
2082102
2578535
946605
925050
868648
151106
882246
557729
2357555
2551673
365214
136368
2642466
989629
1182445
1450570
1276979
2013806
658685
2356480
817008
924727
8092
1047833
767017
604042
2644973
659730
1623969
1522395
2056003
2626093
2499841
767701
695747
101137
623868
597245
505651
844638
1633749
241785
2457361
2459146
2165664
2340925
33771
452955
1452581
1247427
2004273
258266
1013608
1501998
1094319
737036
2077649
1520122
1703700
2646469
2383161
1658366
1552674
1689524
318829
1384467
585344
2138445
545822
1331750
1966789
727461
1139081
1360249
528277
2044027
2253265
860927
117293
79447
187518
120454
1185359
2289046
1033612
702625
541917
2029954
723613
247386
2342652
1495389
2223771
2159398
323838
1947574
1667322
1206394
645655
2357186
2267376
1292687
2155386
2293172
670517
2547289
1118042
2342489
382105
1729693
987437
1209681
1652220
2022482
1702328
1353383
49943
2012677
1133449
1622444
68197
127851
2410691
622755
1243693
1575870
1019582
147701
2407792
2395730
285713
2239486
420500
1386369
514932
1313601
1049502
23803
2102387
2343253
830599
1354042
1817991
838656
1944008
1083261
2430768
1241598
770598
2123985
1323857
1271387
1391737
2076144
376617
150344
485811
1892620
1438395
616247
879408
524762
75436
1660746
896185
1855318
1568122
1749501
1748093
2202995
47541
753618
2093714
2169244
1753788
2019369
2154522
909921
792199
2393691
622800
1749443
1063941
1055707
2433557
1012788
2394417
10043:
834820
852886
2204494
774717
1406050
2317868
202667
1728377
2048837
1103080
510319
2314914
2460018
969342
2596709
1267391
473246
2196025
13407
2057736
2488192
2389901
600986
1538160
2379921
1589215
725549
1992993
2511165
1767457
2498387
415150
625713
703872
799557
1001653
836253
1975605
1567145
99512
328303
627617
2541048
381361
19679
2273335
2335827
772801
618428
1186231
1876612
669032
944845
202018
2359108
2288808
291590
2448971
8061
1170683
1056747
1737686
142616
1921572
10044:
1443524
2179335
1641999
1084367
414171
1618140
2562136
2502874
2625427
2604177
1286332
136596
1643730
2605544
830051
2241622
421029
2202698
2053887
2399246
1453293
939013
182269
1213190
386568
1000554
123376
351076
2555414
380257
1777484
682084
1718433
346450
939871
569506
566918
1272486
406024
181502
2068190
728029
1302219
1696090
755723
471880
993472
1787938
36621
1293932
1974509
866430
2199443
1241337
2118726
177357
817664
595421
1110479
1279567
1563452
624343
325889
537600
10045:
2314434
10046:
1178866
803423
2506142
10047:
205729
827378
711436
1636386
193212
346924
1951856
743660
10048:
1590947
1367805
449591
1293456
1741802
2350428
1295702
10049:
1430873
555892
2082280
1005:
188792
239493
532649
172948
1375320
2262661
499648
1992424
2520684
202738
776836
786246
1492104
10050:
578168
498400
2540580
443256
763359
1619179
10051:
1992514
1444088
1181854
2640987
1637718
99993
2068042
2263492
42667
2183823
333589
1044758
2528820
1834032
974174
1296599
1595090
2096722
526154
1403360
2146083
10052:
256656
1205948
1748906
2018103
2597320
10053:
2498427
1424098
2346412
1603364
2245155
374663
417525
754005
474325
1518947
2181455
921472
512984
2641058
1782074
2205732
780136
1569985
2640042
1765813
1976224
652469
1712565
1521838
1808452
172291
1111395
1189934
1418575
959717
2070471
1731330
2455012
404156
22415
2155274
2018196
398215
700467
307168
2058077
1897417
884498
502067
1988672
2329133
2593690
654696
1615992
1716430
1180971
2324556
165745
1544780
1500196
814070
553335
1144699
2399472
210420
1740017
793327
2165004
194837
1447450
1234282
2170999
675886
10054:
1287459
2106757
1495930
1203103
1496895
656104
1123422
692590
240181
1728861
1501314
1502856
10055:
858554
404922
333277
2160155
218872
1096960
1916237
703706
2166546
1608757
1372898
2595083
476167
512484
285157
310249
1893955
1628517
394546
1199142
1228362
980738
240779
692943
320564
1485728
1070295
2046048
1755262
2619777
1950879
2456770
1475698
846505
205561
2077906
499003
1406565
2027693
1748906
2187995
700728
712778
2017966
224795
84218
2306758
1732558
2634044
244325
211664
1180237
578782
782382
841012
77954
1899671
116627
1189087
615643
1282499
874755
1430847
1175852
1637265
1842846
689610
452961
677023
2277087
1734783
1722344
286483
385653
232833
1724468
1500082
1050712
305836
10056:
1787873
1616351
935806
559484
1124592
2622415
1036019
10057:
287967
2030226
1602132
1594434
969182
1099833
10058:
1300105
2626413
10059:
962754
1006:
1004708
762076
1403722
1902516
2406158
2435695
1513947
2611526
632767
1640206
2036565
1160227
1248774
569435
1211238
1876964
286282
2558726
1406311
2385508
847471
1099321
1923690
2464105
135797
2497555
1191009
1875322
2328673
1679271
10060:
2205605
2487299
1224482
1885736
198094
521705
2473355
1539568
201780
10061:
2603559
1547800
2151013
129921
2351046
1880166
435536
1435041
72207
42623
2069538
324903
2437043
752507
2220920
1615526
2175791
2582764
492993
711675
476591
2614221
703594
2038901
2116224
1024554
747877
1273677
1232745
2259598
1074848
2306379
1541288
880471
2439237
2579439
1209609
1692688
1630054
510701
2004259
656005
551375
2374914
2344963
1985140
1837979
201896
1527380
1075798
1479888
723135
2091526
160936
391575
957170
939013
783252
1028975
1406976
784955
2648730
576600
2362194
786197
289009
770031
2103468
1387446
281344
2416451
1975589
1699740
1994755
2000674
1996245
546402
840306
1378509
848998
1458042
1305099
475676
1265308
1690831
1175356
1944582
447137
1643042
690106
804129
56515
1649714
177156
2618313
1225857
310904
446258
1291484
800563
2488811
673306
416453
2294599
1689758
1435512
1890583
1748322
1890329
219756
932993
1235827
91829
1302622
1589143
141483
457445
2105045
2248232
2326969
909041
1919294
1542307
1247398
2460414
1827197
1339354
1178380
2601942
2582123
139255
1575209
2267054
175935
1202577
2439077
914484
458842
1167614
2266201
2490543
1576126
2108469
306431
251179
592924
2615067
2000525
2587620
599094
461348
2000:
2065357
1777883
2119856
121910
1068024
2035846
2593824
577748
569883
218109
1111449
70356
146064
1025640
1790294
246353
1160251
2424911
867044
576110
98434
2626915
1023829
268397
1308478
10577
1857214
997737
750495
2582644
1111541
2076455
2455669
121601
1272479
2000176
1613505
1598397
324403
1897066
1337144
1881800
381457
1472512
1740744
2384516
1354954
2023118
961710
2045827
106599
2462029
392616
1117217
837064
1108076
1471757
586208
1810840
1123540
1645694
2222015
558547
1468440
1282277
2544034
1370360
1956379
654341
15181
2129636
1227087
2220934
1143613
2039192
279710
1267046
1595569
1163072
1792312
311962
2291814
2218934
343439
445869
693799
576214
817261
1377774
69029
1518688
2467647
1778185
562377
1249562
176987
591880
338101
1029970
2570227
2366410
380496
1940514
1994989
1331957
1459444
314
445256
130670
1392498
491771
1882016
1297456
2539165
1598092
1094285
565946
688599
2605859
90328
150569
2066918
639475
1095539
1229569
1491075
305544
2615058
2647638
1690977
2561704
371734
1003719
555073
2318403
2475422
799813
2185919
1151665
1854578
1559989
1411284
2361230
703308
1302555
2566630
724322
824639
942746
1351220
65508
2439676
2633606
1453974
883348
153407
604715
1107368
997606
333769
1446093
721398
2012829
991743
1304413
2056662
87664
811963
143515
226813
688323
31492
752513
1700194
124818
1561770
77036
2536460
2340200
590807
416006
812825
2521637
891604
193541
1889566
1279278
1573863
1227344
2042755
389834
2198939
23970
467170
905455
1136263
1081560
2617967
1833697
565892
1384664
652486
1685663
1326937
342786
207659
909132
677235
1329242
1787405
489732
2321884
2526355
2225482
336016
1794573
764048
2092859
588221
925129
2126325
708873
1874942
953910
220104
2518787
793605
701697
2560027
252654
2128515
1753622
1721561
1568299
1711497
1855382
1935517
1708083
175875
289350
1555484
164319
559191
96072
1182394
1697520
1356395
347260
1392701
710176
2551375
411406
1711081
275215
471400
120074
1564241
287908
762875
2224201
1359827
875789
897782
929431
937374
2125026
474331
1430935
748325
1782434
2480904
1152640
463438
289620
1971596
1775406
220998
583718
2511304
806116
880585
76901
2198712
1962041
801881
472033
875644
2368666
2385190
548868
512772
1524906
1684485
2608282
1775137
1746622
2450378
2440315
805950
15550
1561388
1373054
2615886
2465009
216046
667532
1597319
80304
2080482
771120
947719
1855093
2569369
1647812
1791781
861247
279496
588946
769256
331339
1870100
543332
2269712
833913
104422
2264420
2550355
1821436
2604962
2427669
1182594
1714163
1381327
363166
2502359
437930
112874
67136
962151
619920
1387525
67179
768391
875904
36200
2613745
1438459
2097753
998
574701
1098499
688051
1465266
68708
911831
1165663
388018
787471
1526809
1631982
2541869
464259
101259
742733
2150972
1051365
2544322
1679928
1658518
1784580
1874491
554073
406788
1625435
864954
2405099
217938
1370954
753106
1469820
1897582
1893772
538757
2234417
425696
1024404
28939
2039910
1045125
71500
256137
2584438
64852
192796
2418553
804595
2104227
765690
1770862
820667
1260615
1131930
375082
2365149
59491
2216771
1848072
1829407
448314
1662347
2063450
2095763
1743219
1666921
478518
1141463
1366212
1963814
1250371
110898
650195
1412894
1598167
2203220
1816872
2285126
447507
1832794
254632
1310697
1715322
2573963
2103607
1998246
2395048
278886
903897
1046574
405955
39428
308346
691502
686429
368513
2278014
68985
962814
2148587
1382816
890265
1214248
909953
242338
1713699
592762
313785
1538317
1435730
714821
1666181
711922
1664655
1390552
106121
1962361
579829
712143
312720
651251
713409
2078219
2179522
2029473
677634
2599583
1760851
87139
1637613
1919654
2513682
2001:
2265673
2011243
808802
1667015
1122037
1114405
1836448
335531
2086813
2120654
1154587
360412
99696
1059437
2626423
1670435
17246
1067347
1996992
298721
2634395
1385853
264429
1170404
1376109
2073766
2170008
1498400
144543
1776933
231821
1170762
2107316
1018368
1939462
2267576
125496
1335446
2184999
1948460
1241527
2457620
608217
1951221
183229
2357205
919347
2396927
2003640
1263
2645436
1305875
663023
1300698
2220966
945318
1661731
957241
5686
2309300
1911325
287812
2102083
1590374
2401474
1298319
599592
1933739
2423742
1578314
859505
242875
2004815
127671
2510453
1143567
1833693
1062828
1236360
2095697
1784851
862071
2128766
1606826
2022755
1588223
1620596
838812
1387163
378565
1315005
2595846
2073823
1406400
945819
1866583
1687149
1900470
2169752
1439783
843399
1050021
274073
2624392
2426211
918880
2582076
813979
381740
1836980
1531380
1618536
20646
386912
1288002
126093
1224825
1184405
1167944
1991094
1566233
272005
1744089
898951
284629
2578647
995672
1203371
1208954
2584200
488552
1168164
1748595
1435330
111832
1189060
967330
670496
1102159
2523027
436547
1694326
1739329
2540343
314345
748335
682260
308185
513867
2230523
1204640
2532100
891592
116858
917484
875017
466
894906
1537762
1220091
759902
1448113
391820
2570388
250365
1233420
1664751
1381763
130500
1089647
67441
1848775
654123
532281
1770565
100995
1772703
1603629
1587213
2237328
1807551
2385944
2227885
2294815
440006
212257
389159
139358
1313443
2249987
747550
1703740
1955413
914250
1544601
400588
861869
594423
987229
2026081
1088173
549443
490789
1886235
360642
1963352
1622827
2232378
2417261
186801
1832995
1872274
2297
2123235
1673053
793389
2067423
1004967
733468
73480
419737
1775717
1210748
2182649
402217
1520973
1491993
1798472
1831647
1097435
2472778
1996994
1007057
33235
2249360
884585
575574
1017134
2184501
1376922
1270270
414529
2568886
1477498
679902
63418
511737
416156
1646531
917809
907253
673593
1132285
2060343
74626
2352586
1331160
978215
1033463
2592261
1888368
332010
412861
953875
1630342
1160293
2560090
267605
2074838
1794585
2096950
1198517
1660806
373513
631603
376594
2565561
1759895
1628998
2002:
964951
2345022
2004:
1667283
57332
1962157
1504573
794497
162744
1925598
609402
1921497
1835453
1401025
2052743
1846715
2005:
1426838
2006:
549122
252737
1115403
1108719
1764439
1270399
721406
372145
1326366
2007:
1042797
2404189
1997390
2115466
2008:
1740256
962156
2342198
2538337
971859
173326
2595349
2243477
1350176
970619
2250021
2030374
654703
1550975
717456
1560830
2489351
91803
1069087
2587256
604519
1762883
1130012
1885042
61622
1666613
1536508
1781192
2306970
1999621
15867
491130
580560
735905
224092
1776327
506517
1769808
1254920
1088005
2409375
1906881
1037596
592649
58669
766567
1554519
2488940
616794
2141732
2551603
1997020
375312
1114866
1842201
592527
1446878
930958
1913709
2009:
285679
2293844
1973061
656399
1931648
1670290
701490
2267293
781833
2597480
1738262
1710414
409085
1712735
906509
2129593
1713294
547570
2296996
126877
1832235
595560
409359
1443139
693952
166355
1222728
337785
2317908
1724123
2026364
2624080
520884
2203244
2349849
727484
636302
2494390
2046911
150137
712775
984253
208348
1417068
1200781
297151
1374260
1289055
1198539
879447
2314992
417922
1576729
2190586
2324491
237439
976474
52245
93336
1648978
1036745
1844359
1846592
1018942
1763372
951446
1084672
170499
781614
536709
2527499
2436067
2185616
225837
2145186
216588
1607123
1613243
1716429
468126
2477913
230846
1839612
771885
1667215
2110378
1296841
2562136
2172374
955269
1534844
1310728
1618217
1169466
1660319
98483
2072895
2273363
772062
984449
1353567
886980
597735
27708
1250874
1110323
886856
1378136
1592895
1826847
2548632
114267
50163
2032673
918704
2444710
2611954
282066
1604312
2066370
573915
2442938
1956441
2625242
1986952
1969256
18857
695
2496479
171933
2645059
412146
2501489
2589638
47868
929734
501739
1079880
2339828
2454228
1659156
166433
982110
1933703
2128750
2057625
1370210
1945829
562517
658556
1260315
1118975
746511
1926410
1974891
1532985
2646245
1296651
1088562
180621
1919648
498315
309713
553322
978854
1920755
593165
1392954
154943
937338
1385752
1874788
1047046
802125
1067926
1642673
2001938
1936701
1074371
1923571
1899509
953409
2192966
1406649
1692074
572635
1311688
2443945
2091337
2176702
1560311
389292
639896
350425
2407615
1999825
1072204
1295050
1491116
1048926
2432172
2199627
1711739
158119
1757215
319539
804748
1338256
2405217
38448
1152721
2259557
2240477
1693908
2512208
690468
464677
654843
2363260
364785
2021841
633794
534993
2363672
2386249
2622247
1067604
997090
659907
774897
533712
1701373
390451
342033
2246619
1182839
635903
349118
2565417
423517
62691
1075986
649153
2120373
225403
565015
1401520
366522
884955
2145646
1488601
1318861
2127163
1050805
2533400
1796301
462488
2258835
1376047
293076
1885685
1100038
1143072
1407836
2640714
2147711
1270097
2633487
248306
265153
2592905
639632
2404258
318756
460960
1208609
1812001
1423227
1747776
1135676
682566
1329872
581930
705500
2158986
1491604
2509669
2409279
1298043
1587266
2494991
1484813
1969694
2107908
354107
675904
706149
1248984
2388393
682458
2232568
1926398
586813
2389642
520645
421486
633054
2302454
2347730
1061638
1481367
1692335
2026740
2255084
2069207
390909
225475
44047
2540363
169027
1963630
1342273
1183030
2600635
1235625
540481
361645
1771157
2289547
2221973
857674
984731
2143771
2314985
943918
1081727
2016203
549141
2295555
709836
401897
177892
1081802
428447
2334678
1951667
695210
2320669
2063853
1278183
2014423
1457796
1967013
816037
1783067
1397501
1309909
441040
1298406
1679277
2404528
2056353
963423
1675597
1694118
1620167
1525640
10696
1193144
959683
1028284
62392
1001862
846499
1478657
867967
238878
1380179
679276
2162179
1377346
1155336
1489753
441934
393993
94778
2351870
1327927
2030816
1084663
2274561
1142977
597016
720582
1992522
101756
933553
420970
2453398
887596
2195249
1943182
402595
1944193
171911
2421201
519553
783137
511129
1037932
1627341
939242
1930130
1458293
2617870
1317124
1200953
823575
1498129
1333546
667249
2643312
2318948
916338
1025797
1786750
2584374
1950621
1355987
519594
1896539
2086437
938836
1856366
323623
1552156
1824854
1623269
1951150
1516548
958068
316375
2283870
13090
1045151
1671308
2234437
1583627
100060
2470730
1849343
1169261
2609200
941330
1889598
2462164
605229
2316467
1581640
1779331
750365
413161
1590895
1405445
836993
313041
400822
1615803
1162219
1706867
412684
2238483
1487271
1843383
1232664
1898674
1596275
766378
2508080
1727590
2064862
684451
2095100
1640164
1515337
1291535
2090173
709867
201:
1413383
1698061
751511
1227276
424286
800478
1576888
549109
1718242
1345953
2040209
513369
1237060
874618
948401
1128365
2609280
238525
2194013
533027
269554
1134860
2369597
98955
1409827
1933096
348160
2056988
1155629
983888
757004
594672
146608
2037401
1028265
1903868
1314129
643168
1666118
1631458
1804253
1078372
134324
1926593
2469688
300777
329347
1508208
288167
194566
2619365
2374807
968180
2003802
2375089
1246070
22098
2273481
2266375
1489327
49777
1535447
977354
480923
856889
1556973
2489150
925465
538247
657081
615056
2485060
1128422
1171742
2481367
1479380
2232365
2457379
254975
315043
517948
1113395
246924
387568
2092013
128792
311804
670742
1887681
2584097
122768
974194
117703
2585360
1701460
851334
1506406
123231
1474326
2010:
1957053
2562314
2187741
175826
2454228
1895644
2539101
2600734
352437
858844
2480131
1642380
2011:
1476629
1248598
284080
2012703
1336254
255324
294954
570792
2441178
750091
1553993
2012:
1632018
1044570
942085
2044111
2243887
756559
886849
2536602
759371
1171667
891081
223897
1481873
1759845
1523735
492575
1812331
909198
1321191
2205635
1374435
774018
2395243
2087478
431478
1706154
2245849
2307121
891694
947672
310270
490720
2569206
1201845
1083373
1761809
1831195
2465322
294639
2560417
2072895
465713
1152063
1921293
1509687
844247
2371625
364188
1376939
177622
1448856
623070
1769302
870117
1531051
397601
2311444
345704
2219541
1461166
2443163
30153
256588
1336898
2037388
1181191
837591
830603
1773263
613682
2531750
2120219
1799325
225206
2411842
579460
556247
1649971
422100
1882888
111751
1783849
1830468
2069539
1440246
2540660
2605391
544115
1331844
735685
2061240
2015473
1463360
1551996
1945784
2353716
255890
2079530
1877238
727773
807288
370781
2231506
782498
1539314
775724
1782884
1447868
246166
1393975
644754
1193402
1320670
2335783
1566838
2522517
1271038
1728960
109446
297098
1224374
1665577
1196471
1085218
1538580
1626666
1509157
1102025
1048635
1058763
569733
142492
2553059
2053020
1918676
2118642
807045
1073690
892067
1257953
492881
2118540
1524188
2266522
354877
2327899
619324
1916691
889976
413426
2052268
1448487
1535731
2016115
430162
2516839
2141939
2017991
218278
2056528
151478
1090951
322676
766450
1807940
1597229
1138752
1941735
1254980
1273676
1326006
1253236
1641911
2296462
1428069
1295149
980050
2001586
1246393
287018
1390104
2185407
1846129
1794491
1095364
2073136
1403609
60293
1866789
1483277
439144
727885
2500032
1249671
1525106
203539
1896003
2344318
2337228
2066302
1671555
1282644
666673
430212
1094107
1326460
2282969
1742468
878791
2173205
1588043
154769
1271452
1914238
1544784
327297
1334353
237094
2441662
1420148
792737
888132
1690637
1963420
1448906
87977
161212
112761
84088
1985490
2025369
2530720
1569385
1192393
2564639
1082178
1960667
1700795
491203
1514183
1831093
748374
1573341
2067339
238805
1112208
1091698
2348053
1508760
44573
1682786
1870953
789903
1741626
468946
2089588
2034367
832774
1892218
1467629
1935633
1676166
465974
2482340
1136973
375632
1474269
231608
1900687
755549
1877426
1455522
259639
678681
2086490
1423562
2224030
1742225
718756
1099465
1054050
2136406
2013:
515538
1193924
645245
1429600
2095369
875898
1202518
1598194
502472
1811819
1906780
1568705
978407
2014:
1731764
632476
2473335
2408778
2058641
437307
2228032
1244314
2408319
2145789
2120869
1537854
366896
1730160
908644
2099610
1791113
59913
528384
2574401
797522
2553172
567473
1123247
642302
768862
1259843
975867
2387537
556689
2235461
1826063
2057571
1764723
2521941
903746
924979
777354
1307608
2175531
21047
1761724
1714897
1956198
1414561
2061666
2380375
854707
1877497
1473408
1718141
426352
1526199
2522308
1810763
1209062
1841924
772300
2110940
959486
1009277
1233338
464355
1429993
1322062
2356310
1248372
1437585
1241731
1553091
579028
367042
2472781
432721
993185
390531
970008
854460
657664
1202191
909917
1023432
927992
432083
2093947
748617
1564021
393164
34364
1410435
977267
2425301
1871831
2015:
1056581
2402586
1293914
2460625
1558471
176543
512684
1742707
2318182
2455528
2140058
82050
657500
598758
1172065
1885769
2646127
842972
498919
2056023
1541892
1122179
849107
672416
534480
2222468
1366961
786827
1472350
906817
606701
2612214
2589557
2580717
551225
566477
837857
1246595
1221113
142482
391498
2196062
709710
1318218
2151055
313026
1612829
235962
485891
1113711
324280
2086252
327693
2125501
474164
127314
921220
2266060
1534527
266727
2041087
1232563
1433213
1724881
1659119
1173301
1753603
599288
873167
1459300
1285861
1032935
955696
2536667
2054091
1870769
2314717
1875412
25420
72376
1304728
2399912
1062747
1372674
746918
281667
2244156
1123490
1356415
472286
1419938
660349
267900
1316225
2062580
2422334
2557997
679021
567053
1661048
1452563
702519
2384240
887825
1213901
2278188
2388214
2153956
2071226
2075524
1318602
1144649
1535724
1867340
437793
2647365
1629666
1671362
1352884
2486794
1728840
1740360
2402169
2458870
751331
2469467
1250362
1709088
1173335
539127
1616712
330783
2438792
1362365
940873
2564961
740526
1209232
1338581
1383345
849103
216048
2319181
941503
595878
1843557
1441798
593549
2531298
1590260
1086317
1382179
1846635
1741237
43289
1823806
499862
1065665
820786
2296055
132923
1534498
1997728
2194583
2182297
12809
2136323
1385409
2309409
2265995
2538322
1788730
997640
883390
2432770
1241232
1196131
819448
310550
2184670
1637237
1022574
1945367
1307150
1366580
1846780
1257734
1974488
1262453
48805
1681800
786801
767505
1313257
879221
204000
689259
1107860
1744160
886754
497273
2088939
508627
1068965
560683
596672
1017679
1742958
645730
575965
1119739
1926389
2339049
1013481
2099739
962130
176351
1049786
328618
1464345
1200866
2191126
1184921
2521637
1838796
131027
1413852
172924
1167143
1334256
1860307
912929
170920
1060823
874474
137555
907201
2634748
2340629
2549345
1249298
1506694
1698835
1043561
2236975
1867001
116979
148140
1461988
1819594
1308458
1787634
2119487
1104095
505455
1747340
537096
2326889
513497
2226634
601868
1833905
2463693
112209
309732
1879151
122179
1852415
1966689
1314624
1743429
1977739
689396
2206458
2253769
1981469
2054124
1286811
229807
1694819
2269355
782553
2184765
374581
51832
1125527
1147518
2181191
1542122
1183731
306765
1704641
1276859
2232256
2191811
933864
2612364
1116539
1756798
2535978
980020
1433543
345360
1795420
1268407
1059984
1520461
506680
234837
1795980
1188221
2157145
2268613
720859
1816093
2576163
2529776
979403
652432
2301648
85562
2460399
356414
978912
449632
2465223
2417715
1875222
1147246
1505152
1041957
1248943
1090028
571529
521451
1027451
249799
2542141
157931
161895
2434973
1738939
2367390
1217063
2084416
2339891
231819
972214
248229
2006257
2237148
2498671
1904956
1159193
668960
288265
829650
334172
1762917
659625
2311078
2578296
2100586
635821
1731951
1383304
344419
360763
67800
492414
2337640
299341
359403
2409826
2546005
41344
1997866
1695263
1821513
231998
1281436
1674379
1875595
1923246
27733
1193182
2551783
831890
1837307
2074206
496170
2636124
1991002
532414
1555248
2488576
606466
1017865
2207506
2602142
571536
1292719
1397711
387998
2129390
109361
1249014
987952
641419
194383
1910255
2564905
840055
594128
2599012
2258699
1071972
780571
908153
1120856
2492777
162760
583878
1485366
76706
221806
1401071
2026307
191762
1071303
2032643
512776
1490487
2283634
1077831
221492
2131379
522588
864012
1974338
699537
2151753
633884
2394750
268399
1052514
129175
2466910
763170
817628
2521450
2647965
477034
2404579
167134
2574234
325458
428578
2152621
979490
2113462
1183856
1111568
1374531
474751
2381277
2104151
2134698
129878
802610
337315
2361242
828136
1911254
1753447
2638675
821448
1630861
6586
324961
442509
2203463
2427607
195789
1755128
782612
543677
1468176
1180748
279748
68640
2507803
1116630
1899999
222669
1854004
614257
2221322
2252777
1190747
2222586
161347
2329753
2331203
148702
2274100
1372828
1747992
289237
1636149
30746
1741175
276348
1220404
2581397
363401
424335
2225316
56060
1173113
1428650
1365521
1059990
1162839
2387857
812047
116321
725609
1101415
176478
2001775
1637790
2603179
972840
2316439
872845
1990007
1699562
923335
757346
1954940
2167098
2470370
842311
2573325
575036
1354027
1264260
2545642
534060
2520770
351359
2583182
935634
1159117
1829689
2149423
2539325
1046698
671475
871381
1604194
1109834
874915
1342098
1442230
1944921
1874845
714799
211178
2006657
1515932
1322670
336592
266221
993687
1236187
2476419
1020983
443774
24069
688543
908921
1857639
611625
2494049
1120197
2102933
1172486
2197791
2370359
1137210
1826774
419955
1561364
2562896
1245418
779113
822098