1:
30878
2647871
1283744
2488120
317050
1904905
1989766
14756
1027056
1149588
1394012
1406595
2529547
1682104
2625019
2603381
1774623
470861
712610
1772839
2768:
381957
1148713
2409565
851267
1568076
1847337
1403031
1399087
1954065
490917
2052928
1417507
1332901
178819
1452686
1563294
2080010
1391477
2337689
918361
2360073
729434
398667
1146141
1774985
1512380
234141
1934629
391367
808792
108592
702239
626407
1352507
1721523
1138485
2144292
773921
1504169
876045
340793
97857
1343948
2014044
864811
154368
560270
1693051
2545505
1222480
1905715
2311125
11491
1028480
1627485
2121133
13676
2503646
475576
1699236
2769:
80017
806828
513183
254887
1023893
1123474
740562
2253527
1788173
8539
1228641
1531951
1734419
2458720
2050378
432912
436521
1082111
1372916
1550080
1165993
1386277
765638
2009341
1916745
2125357
901710
484842
490980
398328
159325
2278719
337345
1450148
537147
926509
1177753
2409492
384025
1020518
1075576
1861095
1765678
792842
991927
1235977
541124
331587
225469
1558588
1912354
277:
782444
2312534
576148
1255402
1607320
2770:
2404756
2613380
394784
1441815
1259220
740658
1777696
759095
2054340
2027131
2771:
26049
2768:
381957
1148713
2409565
851267
1568076
1847337
1403031
1399087
1954065
490917
2052928
1417507
1332901
178819
1452686
1563294
2080010
1391477
2337689
918361
2360073
729434
398667
1146141
1774985
1512380
234141
1934629
391367
808792
108592
702239
626407
1352507
1721523
1138485
2144292
773921
1504169
876045
340793
97857
1343948
2014044
864811
154368
560270
1693051
2545505
1222480
1905715
2311125
11491
1028480
1627485
2121133
13676
2503646
475576
1699236
2769:
80017
806828
513183
254887
1023893
1123474
740562
2253527
1788173
8539
1228641
1531951
1734419
2458720
2050378
432912
436521
1082111
1372916
1550080
1165993
1386277
765638
2009341
1916745
2125357
901710
484842
490980
398328
159325
2278719
337345
1450148
537147
926509
9339:
978075
521074
934:
665783
1471651
1706996
566597
1943440
174350
1002291
729261
41033
492394
828687
2243962
1865180
2474140
1682608
139942
2296993
9340:
323063
2113145
174699
831517
1619088
2052983
462285
461724
894256
426163
1629654
269552
1567623
1542960
2222684
669566
1989027
1249245
2038699
2092984
1661162
573975
1232643
875691
544203
1905247
690753
1816416
556955
2010995
2082301
862995
865336
1006772
1409594
1701772
2526274
21197
1805948
497654
1433892
1053596
813363
2449419
1921132
1811370
241191
2100882
561585
2028757
2577319
1661033
1973206
411896
2373400
266192
2643392
1447791
515508
739169
589165
2094905
2160267
1156235
2325939
393509
1618742
1031836
774714
1610627
1345371
2215058
1033061
1783694
2133282
189952
1387889
1012338
745885
1159275
1507636
929626
1478175
2479468
1277198
499681
1423248
1945476
1253349
1034447
2500482
1377170
2035415
2532237
1715703
1479003
1251127
1143521
785559
2639779
1855924
1725730
711774
193399
585902
355964
1513742
1607827
1323026
23670
2173572
2156283
1328392
78382
756259
821494
650684
1411534
131923
1246126
2271277
1579015
187658
1242366
200534
1196769
2164353
1217575
2273188
474169
783138
421744
1179965
1628366
2039108
1834365
2216092
1156893
2425476
524777
1740920
505288
1927828
216915
1637899
2580767
122004
1417254
1893260
2260085
498321
95078
1006234
1415861
2350180
197634
9341:
427189
9342:
2050556
1225533
1256797
1187266
2068188
58061
139001
9343:
238913
755697
2447112
1134119
9344:
2105764
1859682
9345:
58925
448984
2515471
1779842
577362
1733628
1523707
1687753
2374581
843764
84566
2104502
9346:
769872
9347:
1147281
203498
989746
472198
63512
255890
2438141
740792
2614806
329043
948541
1087693
2453535
1329904
2064843
1354129
1122480
984728
9348:
1852021
831876
1173877
630637
523409
486512
2133012
1993930
1810312
1140115
931654
1316853
9349:
813116
2248258
864166
415478
2587990
207347
935:
812369
723325
2076592
681472
1471876
1077794
541870
1941167
1183701
792395
1465736
2130854
1446694
2193301
114363
2096648
2284673
479898
103213
1914024
204177
523409
332079
497756
2131109
2637251
1356703
27376
2388411
1962176
2182390
1695369
984352
1704583
1524316
1185379
1393374
1293633
1228244
2450451
2059499
1045400
396432
366021
696762
1848295
2514964
2540297
948702
1861095
387714
831288
2606854
77658
694737
1867709
408857
1065289
1045023
771618
1945681
9350:
691162
2064195
467816
558039
1311690
958951
1040716
57495
1714344
1665456
2363160
256921
1435959
1944824
2506289
1823382
2420963
291311
1024118
258181
1902250
1403763
1377424
778615
2345144
1376599
1253082
506279
1515125
1563649
2373203
12974
2332637
2143903
8325
339632
1503310
373938
655945
1604994
2107557
2287877
1782462
632104
2111656
174350
1526115
189417
2094942
1479677
930456
1171755
1862311
1224890
1170130
1593373
2438585
545584
603061
679760
2300253
2003927
1788023
2325629
2305778
360053
2021399
628792
1030655
1823541
63025
863479
2205425
9351:
932217
1455330
271200
1468525
1611166
1815385
1375012
2176168
1067633
2122883
1468017
605954
1094290
294943
742091
524907
2378902
1480417
1547885
1635117
931217
2646824
1491544
626531
1711771
2381019
2409367
2305545
870706
2271535
1258157
567847
685903
1272475
2206773
769942
113056
992705
443835
2058810
818987
1557191
1099321
1163996
2305151
2424344
570187
322528
903219
1996811
1403018
2127012
267332
1270913
255203
1209439
475739
193175
664509
924729
956828
858035
470200
262543
715770
2267805
93924
1112774
1973523
1674785
2111734
912907
693397
1479902
2170453
2154579
1519024
9352:
876058
273351
1732670
1598313
761521
2639538
1075141
1277194
175445
655277
2037449
1419417
367528
1892510
1245472
2362491
2260350
754179
664527
1734880
557910
2023226
1838526
2605939
1332377
1831385
2469176
2233109
1621970
1268769
826864
437049
9353:
1609058
769213
2621481
184446
9354:
1629710
1904126
1958406
2278626
1044170
2619792
2473156
2131761
1280888
1769515
484643
984953
2470491
407314
2302101
2554591
9355:
1667981
225525
2275907
1342407
1834590
1096194
2238369
2187693
1074371
2495474
1650724
817442
268538
972394
1584067
482666
2644532
337783
1209377
1620141
1054137
520509
907333
2473252
2026667
1467275
1985687
730787
448515
517241
183252
502914
2004404
1112962
2405317
2614827
1729538
88477
822780
1213399
917474
205332
2415886
2444445
1881874
1972604
256135
596775
1216792
33052
1617777
3285
230102
860808
2093933
2543036
9359:
2151083
2463094
195728
2584169
2174151
2013388
1247320
1020479
1592251
2056821
69321
2479092
1846387
438614
400603
252576
634475
1043687
2564142
1827902
1984620
1291163
383230
2021854
2327005
2272860
2245469
2497410
1992091
1596784
2274079
2150659
695763
994812
135179
2060347
1716976
2346083
2402378
936:
1253709
1801056
2031955
9360:
187103
2607352
2504214
2013497
200683
1344791
9361:
2584037
9362:
1036946
2135850
9363:
121752
386286
505980
1036845
1503653
1371806
1171849
2471832
830287
9364:
628829
2131049
1442522
183386
2207100
2041187
1982465
1942840
62781
754375
176576
2300271
1220666
703123
1670562
1959415
2503261
604571
2192288
2520302
790397
1871311
1436770
955395
1255703
7786
647356
278241
1019431
949603
149224
1814784
2125619
582667
1127442
556653
2432501
89533
615646
102004
436704
2600702
1105650
364153
1431636
2401708
861885
253845
1260761
845866
36443
1004043
412488
2597011
2448114
1006156
1849476
1009920
2545823
2346577
1586559
838632
1938280
2507505
2250510
1971939
976319
1940736
2519397
1750787
228048
312771
72938
1441905
9375:
1358396
9376:
1944698
1031600
1344733
1397078
9377:
2187093
1394156
2037136
2441155
2328475
207586
339237
1048537
72149
2366612
622101
9378:
717606
614058
909570
1534825
2072178
790736
2193808
2489626
540459
515079
1876955
2429281
1793080
1751061
2478052
2229253
2016510
359674
1171375
1737535
204801
1509112
757081
1395967
2207376
2181000
2487423
2296416
1363587
1642400
2048896
1304932
1134307
388279
1311756
316573
1815792
1258170
943998
2530146
1091279
1521769
1530920
436263
1916365
340316
1576745
1555090
543218
2254268
1082933
2622195
959210
2155646
1118924
342786
516373
1660800
2130800
2364352
1424859
48374
1802043
692601
2571430
90895
1300487
1075214
1242879
365066
1246326
1523008
2533605
1117014
1344986
1695015
497069
4895
2284767
776735
1380385
11415
2475540
841558
553546
460923
2250524
347772
1597378
2164103
1410962
244969
1039773
477789
601144
730787
1162173
298087
1327352
2007972
1258895
2100502
2333406
534015
654724
1189208
1054433
2599477
1373961
1191351
200362
97670
576318
1008352
1079179
2306436
1728285
2512064
2494006
1661501
516097
1790498
1053056
1386512
974974
2560026
2383396
1496366
2437397
2520053
1031105
1583282
2398794
1810589
1123053
2304494
996668
2091703
1690832
2392270
2509255
323568
1419818
989388
84102
2570884
623232
2574677
1821284
412527
2399720
548064
9379:
1062351
1788029
